Dynamical matrix file
                                                                           
  2   63  0  6.7462000  0.0000000  0.0000000  0.0000000  0.0000000  0.0000000
Basis vectors
      2.017143998    0.002882258    0.002882258
      0.002882258    2.017143998    0.002882258
      0.002882258    0.002882258    2.017143998
           1  'C   '    10947.083358978085     
           2  'N   '    12766.326066274101     
    1    1     -0.0010437422     -0.0010437422     -0.0010437422
    2    1      0.0034231377      0.0034231377      1.0097936494
    3    1      0.0034231377      1.0097936494      0.0034231377
    4    1     -0.0004866402      1.0105913610      1.0105913610
    5    1      1.0097936494      0.0034231377      0.0034231377
    6    1      1.0105913610     -0.0004866402      1.0105913610
    7    1      1.0105913610      1.0105913610     -0.0004866402
    8    2      0.9832636771      0.9832636771      0.9832639584
    9    1     -0.0014331019      0.5047645339      0.5047645339
   10    1      0.0038360611      0.5043797698      1.5116900786
   11    1      0.0038360611      1.5116900786      0.5043797698
   12    1      0.0026671245      1.5137374964      1.5137374964
   13    1      1.0082949026      0.5019190781      0.5019190781
   14    1      1.0133745059      0.5113666435      1.5090154909
   15    1      1.0133745059      1.5090154909      0.5113666435
   16    1      0.9951931536      1.5388491763      1.5388491763
   17    1      0.5047645339      0.5047645339     -0.0014331019
   18    1      0.5019190781      0.5019190781      1.0082949026
   19    1      0.5043797698      1.5116900786      0.0038360611
   20    1      0.5113666435      1.5090154909      1.0133745059
   21    1      1.5116900786      0.5043797698      0.0038360611
   22    1      1.5090154909      0.5113666435      1.0133745059
   23    1      1.5137374964      1.5137374964      0.0026671245
   24    1      1.5388491763      1.5388491763      0.9951931536
   25    1      0.5047645339     -0.0014331019      0.5047645339
   26    1      0.5043797698      0.0038360611      1.5116900786
   27    1      0.5019190781      1.0082949026      0.5019190781
   28    1      0.5113666435      1.0133745059      1.5090154909
   29    1      1.5116900786      0.0038360611      0.5043797698
   30    1      1.5137374964      0.0026671245      1.5137374964
   31    1      1.5090154909      1.0133745059      0.5113666435
   32    1      1.5388491763      0.9951931536      1.5388491763
   33    1      0.7567008793      0.2501614651      0.7567008793
   34    1      0.7591301561      0.2569924057      1.7634700318
   35    1      0.7578994338      1.2490822355      0.7578994338
   36    1      0.7648371100      1.2668950189      1.7630589653
   37    1      1.7634697500      0.2569924054      0.7591301556
   38    1      1.7667127775      0.2560191063      1.7667130587
   39    1      1.7630589656      1.2668950192      0.7648373915
   40    1      1.7680754145      1.2619812666      1.7680756957
   41    1      0.2516949962      0.2516949962      0.2516952775
   42    1      0.2533532070      0.2533532070      1.2603342336
   43    1      0.2533532070      1.2603342336      0.2533532070
   44    1      0.2548230364      1.2620887542      1.2620887542
   45    1      1.2603339521      0.2533532064      0.2533532064
   46    1      1.2620884724      0.2548230361      1.2620887537
   47    1      1.2620884724      1.2620887537      0.2548230361
   48    1      0.2501614651      0.7567008793      0.7567008793
   49    1      0.2569924057      0.7591301561      1.7634700318
   50    1      0.2569924057      1.7634700318      0.7591301561
   51    1      0.2560191068      1.7667130590      1.7667130590
   52    1      1.2490819537      0.7578994335      0.7578994335
   53    1      1.2668947371      0.7648371095      1.7630589650
   54    1      1.2668947377      1.7630589653      0.7648373913
   55    1      1.2619809853      1.7680756957      1.7680756957
   56    1      0.7567008793      0.7567008793      0.2501614651
   57    1      0.7578994338      0.7578994338      1.2490822355
   58    1      0.7591301564      1.7634700321      0.2569926875
   59    1      0.7648371100      1.7630589653      1.2668950189
   60    1      1.7634697506      0.7591301561      0.2569926869
   61    1      1.7630589656      0.7648373915      1.2668950192
   62    1      1.7667127777      1.7667130590      0.2560193881
   63    1      1.7680754145      1.7680756957      1.2619812666

     Dynamical  Matrix in cartesian axes

     q = (    0.000000000   0.000000000   0.000000000 ) 

    1    1
  0.86850954  0.00000000   -0.00556065  0.00000000   -0.00556065  0.00000000
 -0.00556065  0.00000000    0.86850954  0.00000000   -0.00556065  0.00000000
 -0.00556065  0.00000000   -0.00556065  0.00000000    0.86850954  0.00000000
    1    2
 -0.00163392  0.00000000   -0.00032920  0.00000000   -0.00025494  0.00000000
 -0.00032920  0.00000000   -0.00163392  0.00000000   -0.00025494  0.00000000
  0.00013557  0.00000000    0.00013557  0.00000000   -0.00314243  0.00000000
    1    3
 -0.00163392  0.00000000   -0.00025494  0.00000000   -0.00032920  0.00000000
  0.00013557  0.00000000   -0.00314243  0.00000000    0.00013557  0.00000000
 -0.00032920  0.00000000   -0.00025494  0.00000000   -0.00163392  0.00000000
    1    4
  0.01133131  0.00000000    0.00050502  0.00000000    0.00050502  0.00000000
 -0.00010370  0.00000000   -0.00326803  0.00000000   -0.00008231  0.00000000
 -0.00010370  0.00000000   -0.00008231  0.00000000   -0.00326803  0.00000000
    1    5
 -0.00314243  0.00000000    0.00013557  0.00000000    0.00013557  0.00000000
 -0.00025494  0.00000000   -0.00163392  0.00000000   -0.00032920  0.00000000
 -0.00025494  0.00000000   -0.00032920  0.00000000   -0.00163392  0.00000000
    1    6
 -0.00326803  0.00000000   -0.00010370  0.00000000   -0.00008231  0.00000000
  0.00050502  0.00000000    0.01133131  0.00000000    0.00050502  0.00000000
 -0.00008231  0.00000000   -0.00010370  0.00000000   -0.00326803  0.00000000
    1    7
 -0.00326803  0.00000000   -0.00008231  0.00000000   -0.00010370  0.00000000
 -0.00008231  0.00000000   -0.00326803  0.00000000   -0.00010370  0.00000000
  0.00050502  0.00000000    0.00050502  0.00000000    0.01133131  0.00000000
    1    8
 -0.00092032  0.00000000    0.00009216  0.00000000    0.00009216  0.00000000
  0.00009216  0.00000000   -0.00092032  0.00000000    0.00009216  0.00000000
  0.00009216  0.00000000    0.00009216  0.00000000   -0.00092032  0.00000000
    1    9
  0.02857424  0.00000000    0.01404401  0.00000000    0.01404401  0.00000000
 -0.01455155  0.00000000   -0.02990515  0.00000000   -0.03090369  0.00000000
 -0.01455155  0.00000000   -0.03090369  0.00000000   -0.02990515  0.00000000
    1   10
  0.02823760  0.00000000   -0.01430160  0.00000000    0.01398029  0.00000000
  0.01426137  0.00000000   -0.03148125  0.00000000    0.03212999  0.00000000
 -0.01429167  0.00000000    0.03265283  0.00000000   -0.03143452  0.00000000
    1   11
  0.02823760  0.00000000    0.01398029  0.00000000   -0.01430160  0.00000000
 -0.01429167  0.00000000   -0.03143452  0.00000000    0.03265283  0.00000000
  0.01426137  0.00000000    0.03212999  0.00000000   -0.03148125  0.00000000
    1   12
  0.02767905  0.00000000   -0.01446522  0.00000000   -0.01446522  0.00000000
  0.01405250  0.00000000   -0.03042098  0.00000000   -0.03149777  0.00000000
  0.01405250  0.00000000   -0.03149777  0.00000000   -0.03042098  0.00000000
    1   13
  0.00096466  0.00000000    0.00076815  0.00000000    0.00076815  0.00000000
 -0.00071470  0.00000000   -0.00100540  0.00000000    0.00097535  0.00000000
 -0.00071470  0.00000000    0.00097535  0.00000000   -0.00100540  0.00000000
    1   14
  0.00095776  0.00000000   -0.00087777  0.00000000    0.00093164  0.00000000
  0.00038225  0.00000000   -0.00164348  0.00000000   -0.00099823  0.00000000
 -0.00035517  0.00000000   -0.00120466  0.00000000   -0.00203766  0.00000000
    1   15
  0.00095776  0.00000000    0.00093164  0.00000000   -0.00087777  0.00000000
 -0.00035517  0.00000000   -0.00203766  0.00000000   -0.00120466  0.00000000
  0.00038225  0.00000000   -0.00099823  0.00000000   -0.00164348  0.00000000
    1   16
  0.00132646  0.00000000   -0.00082431  0.00000000   -0.00082431  0.00000000
  0.00056067  0.00000000   -0.00137561  0.00000000    0.00121419  0.00000000
  0.00056067  0.00000000    0.00121419  0.00000000   -0.00137561  0.00000000
    1   17
 -0.02990515  0.00000000   -0.03090369  0.00000000   -0.01455155  0.00000000
 -0.03090369  0.00000000   -0.02990515  0.00000000   -0.01455155  0.00000000
  0.01404401  0.00000000    0.01404401  0.00000000    0.02857424  0.00000000
    1   18
 -0.00100540  0.00000000    0.00097535  0.00000000   -0.00071470  0.00000000
  0.00097535  0.00000000   -0.00100540  0.00000000   -0.00071470  0.00000000
  0.00076815  0.00000000    0.00076815  0.00000000    0.00096466  0.00000000
    1   19
 -0.03148125  0.00000000    0.03212999  0.00000000    0.01426137  0.00000000
  0.03265283  0.00000000   -0.03143452  0.00000000   -0.01429167  0.00000000
 -0.01430160  0.00000000    0.01398029  0.00000000    0.02823760  0.00000000
    1   20
 -0.00164348  0.00000000   -0.00099823  0.00000000    0.00038225  0.00000000
 -0.00120466  0.00000000   -0.00203766  0.00000000   -0.00035517  0.00000000
 -0.00087777  0.00000000    0.00093164  0.00000000    0.00095776  0.00000000
    1   21
 -0.03143452  0.00000000    0.03265283  0.00000000   -0.01429167  0.00000000
  0.03212999  0.00000000   -0.03148125  0.00000000    0.01426137  0.00000000
  0.01398029  0.00000000   -0.01430160  0.00000000    0.02823760  0.00000000
    1   22
 -0.00203766  0.00000000   -0.00120466  0.00000000   -0.00035517  0.00000000
 -0.00099823  0.00000000   -0.00164348  0.00000000    0.00038225  0.00000000
  0.00093164  0.00000000   -0.00087777  0.00000000    0.00095776  0.00000000
    1   23
 -0.03042098  0.00000000   -0.03149777  0.00000000    0.01405250  0.00000000
 -0.03149777  0.00000000   -0.03042098  0.00000000    0.01405250  0.00000000
 -0.01446522  0.00000000   -0.01446522  0.00000000    0.02767905  0.00000000
    1   24
 -0.00137561  0.00000000    0.00121419  0.00000000    0.00056067  0.00000000
  0.00121419  0.00000000   -0.00137561  0.00000000    0.00056067  0.00000000
 -0.00082431  0.00000000   -0.00082431  0.00000000    0.00132646  0.00000000
    1   25
 -0.02990515  0.00000000   -0.01455155  0.00000000   -0.03090369  0.00000000
  0.01404401  0.00000000    0.02857424  0.00000000    0.01404401  0.00000000
 -0.03090369  0.00000000   -0.01455155  0.00000000   -0.02990515  0.00000000
    1   26
 -0.03148125  0.00000000    0.01426137  0.00000000    0.03212999  0.00000000
 -0.01430160  0.00000000    0.02823760  0.00000000    0.01398029  0.00000000
  0.03265283  0.00000000   -0.01429167  0.00000000   -0.03143452  0.00000000
    1   27
 -0.00100540  0.00000000   -0.00071470  0.00000000    0.00097535  0.00000000
  0.00076815  0.00000000    0.00096466  0.00000000    0.00076815  0.00000000
  0.00097535  0.00000000   -0.00071470  0.00000000   -0.00100540  0.00000000
    1   28
 -0.00164348  0.00000000    0.00038225  0.00000000   -0.00099823  0.00000000
 -0.00087777  0.00000000    0.00095776  0.00000000    0.00093164  0.00000000
 -0.00120466  0.00000000   -0.00035517  0.00000000   -0.00203766  0.00000000
    1   29
 -0.03143452  0.00000000   -0.01429167  0.00000000    0.03265283  0.00000000
  0.01398029  0.00000000    0.02823760  0.00000000   -0.01430160  0.00000000
  0.03212999  0.00000000    0.01426137  0.00000000   -0.03148125  0.00000000
    1   30
 -0.03042098  0.00000000    0.01405250  0.00000000   -0.03149777  0.00000000
 -0.01446522  0.00000000    0.02767905  0.00000000   -0.01446522  0.00000000
 -0.03149777  0.00000000    0.01405250  0.00000000   -0.03042098  0.00000000
    1   31
 -0.00203766  0.00000000   -0.00035517  0.00000000   -0.00120466  0.00000000
  0.00093164  0.00000000    0.00095776  0.00000000   -0.00087777  0.00000000
 -0.00099823  0.00000000    0.00038225  0.00000000   -0.00164348  0.00000000
    1   32
 -0.00137561  0.00000000    0.00056067  0.00000000    0.00121419  0.00000000
 -0.00082431  0.00000000    0.00132646  0.00000000   -0.00082431  0.00000000
  0.00121419  0.00000000    0.00056067  0.00000000   -0.00137561  0.00000000
    1   33
 -0.00182195  0.00000000    0.00399253  0.00000000   -0.00170967  0.00000000
  0.00423091  0.00000000   -0.00674430  0.00000000    0.00423091  0.00000000
 -0.00170967  0.00000000    0.00399253  0.00000000   -0.00182195  0.00000000
    1   34
  0.00150929  0.00000000    0.00210489  0.00000000   -0.00201099  0.00000000
  0.00182439  0.00000000    0.00341777  0.00000000   -0.00037326  0.00000000
 -0.00220788  0.00000000   -0.00073184  0.00000000    0.00335742  0.00000000
    1   35
  0.00073496  0.00000000    0.00094726  0.00000000   -0.00109213  0.00000000
  0.00097961  0.00000000    0.00020993  0.00000000    0.00097961  0.00000000
 -0.00109213  0.00000000    0.00094726  0.00000000    0.00073496  0.00000000
    1   36
 -0.00118391  0.00000000    0.00168460  0.00000000   -0.00447381  0.00000000
  0.00073141  0.00000000   -0.00218354  0.00000000    0.00488585  0.00000000
 -0.00390525  0.00000000    0.00485074  0.00000000   -0.00639015  0.00000000
    1   37
  0.00335742  0.00000000   -0.00073184  0.00000000   -0.00220788  0.00000000
 -0.00037326  0.00000000    0.00341777  0.00000000    0.00182439  0.00000000
 -0.00201099  0.00000000    0.00210489  0.00000000    0.00150929  0.00000000
    1   38
 -0.18031630  0.00000000    0.03803783  0.00000000   -0.03819059  0.00000000
  0.03788379  0.00000000   -0.18047802  0.00000000    0.03788379  0.00000000
 -0.03819059  0.00000000    0.03803783  0.00000000   -0.18031630  0.00000000
    1   39
 -0.00639015  0.00000000    0.00485074  0.00000000   -0.00390525  0.00000000
  0.00488585  0.00000000   -0.00218354  0.00000000    0.00073141  0.00000000
 -0.00447381  0.00000000    0.00168460  0.00000000   -0.00118391  0.00000000
    1   40
  0.00378974  0.00000000    0.00216294  0.00000000    0.00020051  0.00000000
  0.00192982  0.00000000    0.00176124  0.00000000    0.00192982  0.00000000
  0.00020051  0.00000000    0.00216294  0.00000000    0.00378974  0.00000000
    1   41
 -0.17753380  0.00000000   -0.03409745  0.00000000   -0.03409745  0.00000000
 -0.03409745  0.00000000   -0.17753380  0.00000000   -0.03409745  0.00000000
 -0.03409745  0.00000000   -0.03409745  0.00000000   -0.17753380  0.00000000
    1   42
  0.00345558  0.00000000    0.00018271  0.00000000   -0.00184959  0.00000000
  0.00018271  0.00000000    0.00345558  0.00000000   -0.00184959  0.00000000
 -0.00185777  0.00000000   -0.00185777  0.00000000    0.00152387  0.00000000
    1   43
  0.00345558  0.00000000   -0.00184959  0.00000000    0.00018271  0.00000000
 -0.00185777  0.00000000    0.00152387  0.00000000   -0.00185777  0.00000000
  0.00018271  0.00000000   -0.00184959  0.00000000    0.00345558  0.00000000
    1   44
 -0.00743564  0.00000000   -0.00421381  0.00000000   -0.00421381  0.00000000
 -0.00417247  0.00000000   -0.00197952  0.00000000   -0.00124358  0.00000000
 -0.00417247  0.00000000   -0.00124358  0.00000000   -0.00197952  0.00000000
    1   45
  0.00152387  0.00000000   -0.00185777  0.00000000   -0.00185777  0.00000000
 -0.00184959  0.00000000    0.00345558  0.00000000    0.00018271  0.00000000
 -0.00184959  0.00000000    0.00018271  0.00000000    0.00345558  0.00000000
    1   46
 -0.00197952  0.00000000   -0.00417247  0.00000000   -0.00124358  0.00000000
 -0.00421381  0.00000000   -0.00743564  0.00000000   -0.00421381  0.00000000
 -0.00124358  0.00000000   -0.00417247  0.00000000   -0.00197952  0.00000000
    1   47
 -0.00197952  0.00000000   -0.00124358  0.00000000   -0.00417247  0.00000000
 -0.00124358  0.00000000   -0.00197952  0.00000000   -0.00417247  0.00000000
 -0.00421381  0.00000000   -0.00421381  0.00000000   -0.00743564  0.00000000
    1   48
 -0.00674430  0.00000000    0.00423091  0.00000000    0.00423091  0.00000000
  0.00399253  0.00000000   -0.00182195  0.00000000   -0.00170967  0.00000000
  0.00399253  0.00000000   -0.00170967  0.00000000   -0.00182195  0.00000000
    1   49
  0.00341777  0.00000000    0.00182439  0.00000000   -0.00037326  0.00000000
  0.00210489  0.00000000    0.00150929  0.00000000   -0.00201099  0.00000000
 -0.00073184  0.00000000   -0.00220788  0.00000000    0.00335742  0.00000000
    1   50
  0.00341777  0.00000000   -0.00037326  0.00000000    0.00182439  0.00000000
 -0.00073184  0.00000000    0.00335742  0.00000000   -0.00220788  0.00000000
  0.00210489  0.00000000   -0.00201099  0.00000000    0.00150929  0.00000000
    1   51
 -0.18047802  0.00000000    0.03788379  0.00000000    0.03788379  0.00000000
  0.03803783  0.00000000   -0.18031630  0.00000000   -0.03819059  0.00000000
  0.03803783  0.00000000   -0.03819059  0.00000000   -0.18031630  0.00000000
    1   52
  0.00020993  0.00000000    0.00097961  0.00000000    0.00097961  0.00000000
  0.00094726  0.00000000    0.00073496  0.00000000   -0.00109213  0.00000000
  0.00094726  0.00000000   -0.00109213  0.00000000    0.00073496  0.00000000
    1   53
 -0.00218354  0.00000000    0.00073141  0.00000000    0.00488585  0.00000000
  0.00168460  0.00000000   -0.00118391  0.00000000   -0.00447381  0.00000000
  0.00485074  0.00000000   -0.00390525  0.00000000   -0.00639015  0.00000000
    1   54
 -0.00218354  0.00000000    0.00488585  0.00000000    0.00073141  0.00000000
  0.00485074  0.00000000   -0.00639015  0.00000000   -0.00390525  0.00000000
  0.00168460  0.00000000   -0.00447381  0.00000000   -0.00118391  0.00000000
    1   55
  0.00176124  0.00000000    0.00192982  0.00000000    0.00192982  0.00000000
  0.00216294  0.00000000    0.00378974  0.00000000    0.00020051  0.00000000
  0.00216294  0.00000000    0.00020051  0.00000000    0.00378974  0.00000000
    1   56
 -0.00182195  0.00000000   -0.00170967  0.00000000    0.00399253  0.00000000
 -0.00170967  0.00000000   -0.00182195  0.00000000    0.00399253  0.00000000
  0.00423091  0.00000000    0.00423091  0.00000000   -0.00674430  0.00000000
    1   57
  0.00073496  0.00000000   -0.00109213  0.00000000    0.00094726  0.00000000
 -0.00109213  0.00000000    0.00073496  0.00000000    0.00094726  0.00000000
  0.00097961  0.00000000    0.00097961  0.00000000    0.00020993  0.00000000
    1   58
  0.00150929  0.00000000   -0.00201099  0.00000000    0.00210489  0.00000000
 -0.00220788  0.00000000    0.00335742  0.00000000   -0.00073184  0.00000000
  0.00182439  0.00000000   -0.00037326  0.00000000    0.00341777  0.00000000
    1   59
 -0.00118391  0.00000000   -0.00447381  0.00000000    0.00168460  0.00000000
 -0.00390525  0.00000000   -0.00639015  0.00000000    0.00485074  0.00000000
  0.00073141  0.00000000    0.00488585  0.00000000   -0.00218354  0.00000000
    1   60
  0.00335742  0.00000000   -0.00220788  0.00000000   -0.00073184  0.00000000
 -0.00201099  0.00000000    0.00150929  0.00000000    0.00210489  0.00000000
 -0.00037326  0.00000000    0.00182439  0.00000000    0.00341777  0.00000000
    1   61
 -0.00639015  0.00000000   -0.00390525  0.00000000    0.00485074  0.00000000
 -0.00447381  0.00000000   -0.00118391  0.00000000    0.00168460  0.00000000
  0.00488585  0.00000000    0.00073141  0.00000000   -0.00218354  0.00000000
    1   62
 -0.18031630  0.00000000   -0.03819059  0.00000000    0.03803783  0.00000000
 -0.03819059  0.00000000   -0.18031630  0.00000000    0.03803783  0.00000000
  0.03788379  0.00000000    0.03788379  0.00000000   -0.18047802  0.00000000
    1   63
  0.00378974  0.00000000    0.00020051  0.00000000    0.00216294  0.00000000
  0.00020051  0.00000000    0.00378974  0.00000000    0.00216294  0.00000000
  0.00192982  0.00000000    0.00192982  0.00000000    0.00176124  0.00000000
    2    1
 -0.00163392  0.00000000   -0.00032920  0.00000000    0.00013557  0.00000000
 -0.00032920  0.00000000   -0.00163392  0.00000000    0.00013557  0.00000000
 -0.00025494  0.00000000   -0.00025494  0.00000000   -0.00314243  0.00000000
    2    2
  0.84661298  0.00000000    0.01840200  0.00000000    0.01269636  0.00000000
  0.01840200  0.00000000    0.84661298  0.00000000    0.01269636  0.00000000
  0.01269636  0.00000000    0.01269636  0.00000000    0.84814498  0.00000000
    2    3
  0.01271243  0.00000000    0.00056215  0.00000000    0.00053551  0.00000000
  0.00053551  0.00000000   -0.00210119  0.00000000   -0.00019062  0.00000000
  0.00056215  0.00000000    0.00171435  0.00000000   -0.00210119  0.00000000
    2    4
 -0.00136794  0.00000000   -0.00020354  0.00000000    0.00011166  0.00000000
 -0.00033356  0.00000000   -0.00405396  0.00000000    0.00033179  0.00000000
 -0.00037466  0.00000000    0.00001525  0.00000000   -0.00180260  0.00000000
    2    5
 -0.00210119  0.00000000    0.00053551  0.00000000   -0.00019062  0.00000000
  0.00056215  0.00000000    0.01271243  0.00000000    0.00053551  0.00000000
  0.00171435  0.00000000    0.00056215  0.00000000   -0.00210119  0.00000000
    2    6
 -0.00405396  0.00000000   -0.00033356  0.00000000    0.00033179  0.00000000
 -0.00020354  0.00000000   -0.00136794  0.00000000    0.00011166  0.00000000
  0.00001525  0.00000000   -0.00037466  0.00000000   -0.00180260  0.00000000
    2    7
 -0.00135383  0.00000000    0.00008377  0.00000000   -0.00027174  0.00000000
  0.00008377  0.00000000   -0.00135383  0.00000000   -0.00027174  0.00000000
 -0.00070217  0.00000000   -0.00070217  0.00000000   -0.00120227  0.00000000
    2    8
 -0.00402226  0.00000000   -0.00057940  0.00000000   -0.00028320  0.00000000
 -0.00057940  0.00000000   -0.00402226  0.00000000   -0.00028320  0.00000000
  0.00387850  0.00000000    0.00387850  0.00000000    0.00202418  0.00000000
    2    9
  0.02840160  0.00000000   -0.01366433  0.00000000    0.01378738  0.00000000
  0.01463958  0.00000000   -0.03131070  0.00000000    0.03302056  0.00000000
 -0.01391393  0.00000000    0.03191619  0.00000000   -0.03128020  0.00000000
    2   10
  0.02890810  0.00000000    0.01441384  0.00000000    0.01394404  0.00000000
 -0.01445987  0.00000000   -0.03219359  0.00000000   -0.03283059  0.00000000
 -0.01426948  0.00000000   -0.03262603  0.00000000   -0.03186657  0.00000000
    2   11
  0.02984702  0.00000000   -0.01408822  0.00000000   -0.01502287  0.00000000
  0.01416050  0.00000000   -0.03046977  0.00000000   -0.03080675  0.00000000
  0.01393167  0.00000000   -0.02850235  0.00000000   -0.03019039  0.00000000
    2   12
  0.02495164  0.00000000    0.01499375  0.00000000   -0.01276084  0.00000000
 -0.01544386  0.00000000   -0.03146922  0.00000000    0.03317810  0.00000000
  0.01493500  0.00000000    0.03285383  0.00000000   -0.03044587  0.00000000
    2   13
  0.00112513  0.00000000   -0.00079958  0.00000000    0.00110535  0.00000000
  0.00129405  0.00000000   -0.00162800  0.00000000   -0.00138859  0.00000000
 -0.00047598  0.00000000   -0.00126317  0.00000000   -0.00171714  0.00000000
    2   14
  0.00097486  0.00000000    0.00073993  0.00000000    0.00098762  0.00000000
 -0.00085987  0.00000000   -0.00165625  0.00000000    0.00160293  0.00000000
 -0.00075761  0.00000000    0.00153904  0.00000000   -0.00051996  0.00000000
    2   15
  0.00131851  0.00000000   -0.00099951  0.00000000   -0.00096449  0.00000000
  0.00147964  0.00000000   -0.00152008  0.00000000    0.00163893  0.00000000
  0.00035906  0.00000000    0.00082143  0.00000000   -0.00201734  0.00000000
    2   16
  0.00168747  0.00000000   -0.00025340  0.00000000   -0.00039688  0.00000000
  0.00088118  0.00000000   -0.00265836  0.00000000   -0.00227377  0.00000000
  0.00247794  0.00000000   -0.00539004  0.00000000   -0.00012166  0.00000000
    2   17
 -0.00186686  0.00000000    0.00175947  0.00000000   -0.00091449  0.00000000
  0.00175947  0.00000000   -0.00186686  0.00000000   -0.00091449  0.00000000
  0.00121462  0.00000000    0.00121462  0.00000000    0.00134706  0.00000000
    2   18
 -0.03316043  0.00000000   -0.03545485  0.00000000   -0.01411288  0.00000000
 -0.03545485  0.00000000   -0.03316043  0.00000000   -0.01411288  0.00000000
  0.01523537  0.00000000    0.01523537  0.00000000    0.02897047  0.00000000
    2   19
 -0.00154088  0.00000000   -0.00191759  0.00000000    0.00068912  0.00000000
 -0.00140986  0.00000000   -0.00201143  0.00000000   -0.00088653  0.00000000
 -0.00152112  0.00000000   -0.00069266  0.00000000    0.00201511  0.00000000
    2   20
 -0.02855429  0.00000000    0.03047425  0.00000000    0.01376849  0.00000000
  0.03002314  0.00000000   -0.02932967  0.00000000   -0.01352946  0.00000000
 -0.01325404  0.00000000    0.01455546  0.00000000    0.02828230  0.00000000
    2   21
 -0.00201143  0.00000000   -0.00140986  0.00000000   -0.00088653  0.00000000
 -0.00191759  0.00000000   -0.00154088  0.00000000    0.00068912  0.00000000
 -0.00069266  0.00000000   -0.00152112  0.00000000    0.00201511  0.00000000
    2   22
 -0.02932967  0.00000000    0.03002314  0.00000000   -0.01352946  0.00000000
  0.03047425  0.00000000   -0.02855429  0.00000000    0.01376849  0.00000000
  0.01455546  0.00000000   -0.01325404  0.00000000    0.02828230  0.00000000
    2   23
 -0.00144097  0.00000000    0.00151792  0.00000000    0.00070037  0.00000000
  0.00151792  0.00000000   -0.00144097  0.00000000    0.00070037  0.00000000
 -0.00072416  0.00000000   -0.00072416  0.00000000    0.00102301  0.00000000
    2   24
 -0.03835936  0.00000000   -0.04542657  0.00000000   -0.00825221  0.00000000
 -0.04542657  0.00000000   -0.03835936  0.00000000   -0.00825221  0.00000000
 -0.01293255  0.00000000   -0.01293255  0.00000000    0.01527568  0.00000000
    2   25
 -0.03131070  0.00000000    0.01463958  0.00000000    0.03302056  0.00000000
 -0.01366433  0.00000000    0.02840160  0.00000000    0.01378738  0.00000000
  0.03191619  0.00000000   -0.01391393  0.00000000   -0.03128020  0.00000000
    2   26
 -0.03219359  0.00000000   -0.01445987  0.00000000   -0.03283059  0.00000000
  0.01441384  0.00000000    0.02890810  0.00000000    0.01394404  0.00000000
 -0.03262603  0.00000000   -0.01426948  0.00000000   -0.03186657  0.00000000
    2   27
 -0.00162800  0.00000000    0.00129405  0.00000000   -0.00138859  0.00000000
 -0.00079958  0.00000000    0.00112513  0.00000000    0.00110535  0.00000000
 -0.00126317  0.00000000   -0.00047598  0.00000000   -0.00171714  0.00000000
    2   28
 -0.00165625  0.00000000   -0.00085987  0.00000000    0.00160293  0.00000000
  0.00073993  0.00000000    0.00097486  0.00000000    0.00098762  0.00000000
  0.00153904  0.00000000   -0.00075761  0.00000000   -0.00051996  0.00000000
    2   29
 -0.03046977  0.00000000    0.01416050  0.00000000   -0.03080675  0.00000000
 -0.01408822  0.00000000    0.02984702  0.00000000   -0.01502287  0.00000000
 -0.02850235  0.00000000    0.01393167  0.00000000   -0.03019039  0.00000000
    2   30
 -0.03146922  0.00000000   -0.01544386  0.00000000    0.03317810  0.00000000
  0.01499375  0.00000000    0.02495164  0.00000000   -0.01276084  0.00000000
  0.03285383  0.00000000    0.01493500  0.00000000   -0.03044587  0.00000000
    2   31
 -0.00152008  0.00000000    0.00147964  0.00000000    0.00163893  0.00000000
 -0.00099951  0.00000000    0.00131851  0.00000000   -0.00096449  0.00000000
  0.00082143  0.00000000    0.00035906  0.00000000   -0.00201734  0.00000000
    2   32
 -0.00265836  0.00000000    0.00088118  0.00000000   -0.00227377  0.00000000
 -0.00025340  0.00000000    0.00168747  0.00000000   -0.00039688  0.00000000
 -0.00539004  0.00000000    0.00247794  0.00000000   -0.00012166  0.00000000
    2   33
  0.00132849  0.00000000    0.00203816  0.00000000   -0.00198957  0.00000000
  0.00210369  0.00000000    0.00318295  0.00000000   -0.00046398  0.00000000
 -0.00146132  0.00000000   -0.00036132  0.00000000    0.00262514  0.00000000
    2   34
 -0.00197494  0.00000000    0.00387532  0.00000000   -0.00231701  0.00000000
  0.00422748  0.00000000   -0.00688024  0.00000000    0.00454596  0.00000000
 -0.00203076  0.00000000    0.00418366  0.00000000   -0.00157642  0.00000000
    2   35
 -0.00174053  0.00000000    0.00118289  0.00000000   -0.00450364  0.00000000
  0.00065831  0.00000000   -0.00009908  0.00000000    0.00402000  0.00000000
 -0.00146568  0.00000000    0.00198262  0.00000000   -0.00727626  0.00000000
    2   36
  0.00071442  0.00000000    0.00076178  0.00000000   -0.00052763  0.00000000
  0.00076541  0.00000000    0.00088754  0.00000000    0.00075014  0.00000000
 -0.00030878  0.00000000    0.00268795  0.00000000    0.00063682  0.00000000
    2   37
 -0.17373888  0.00000000    0.03143093  0.00000000   -0.03210615  0.00000000
  0.02815754  0.00000000   -0.17088119  0.00000000    0.02692784  0.00000000
 -0.03227486  0.00000000    0.02705391  0.00000000   -0.17143440  0.00000000
    2   38
  0.00308361  0.00000000   -0.00073271  0.00000000   -0.00199709  0.00000000
 -0.00054255  0.00000000    0.00346701  0.00000000    0.00196021  0.00000000
 -0.00178412  0.00000000    0.00193041  0.00000000    0.00144659  0.00000000
    2   39
  0.00170224  0.00000000    0.00254526  0.00000000    0.00149072  0.00000000
  0.00174801  0.00000000    0.00235192  0.00000000    0.00147738  0.00000000
 -0.00045993  0.00000000    0.00110129  0.00000000    0.00318195  0.00000000
    2   40
 -0.00629242  0.00000000    0.00343133  0.00000000   -0.00349253  0.00000000
  0.00316143  0.00000000   -0.00261640  0.00000000    0.00134180  0.00000000
 -0.00517151  0.00000000   -0.00018684  0.00000000   -0.00127738  0.00000000
    2   41
  0.00308455  0.00000000    0.00058580  0.00000000   -0.00205710  0.00000000
  0.00058580  0.00000000    0.00308455  0.00000000   -0.00205710  0.00000000
 -0.00189818  0.00000000   -0.00189818  0.00000000    0.00125488  0.00000000
    2   42
 -0.18377083  0.00000000   -0.03912754  0.00000000   -0.04252806  0.00000000
 -0.03912754  0.00000000   -0.18377083  0.00000000   -0.04252806  0.00000000
 -0.04555464  0.00000000   -0.04555464  0.00000000   -0.18572479  0.00000000
    2   43
 -0.00710035  0.00000000   -0.00467940  0.00000000   -0.00449511  0.00000000
 -0.00438993  0.00000000   -0.00094500  0.00000000   -0.00229857  0.00000000
 -0.00441616  0.00000000   -0.00225455  0.00000000   -0.00072495  0.00000000
    2   44
  0.00338272  0.00000000   -0.00227536  0.00000000    0.00011478  0.00000000
 -0.00191915  0.00000000    0.00107484  0.00000000   -0.00214815  0.00000000
  0.00094267  0.00000000   -0.00220898  0.00000000    0.00286613  0.00000000
    2   45
 -0.00094500  0.00000000   -0.00438993  0.00000000   -0.00229857  0.00000000
 -0.00467940  0.00000000   -0.00710035  0.00000000   -0.00449511  0.00000000
 -0.00225455  0.00000000   -0.00441616  0.00000000   -0.00072495  0.00000000
    2   46
  0.00107484  0.00000000   -0.00191915  0.00000000   -0.00214815  0.00000000
 -0.00227536  0.00000000    0.00338272  0.00000000    0.00011478  0.00000000
 -0.00220898  0.00000000    0.00094267  0.00000000    0.00286613  0.00000000
    2   47
  0.00064047  0.00000000   -0.00036108  0.00000000   -0.00076275  0.00000000
 -0.00036108  0.00000000    0.00064047  0.00000000   -0.00076275  0.00000000
 -0.00030200  0.00000000   -0.00030200  0.00000000    0.00064679  0.00000000
    2   48
  0.00318295  0.00000000    0.00210369  0.00000000   -0.00046398  0.00000000
  0.00203816  0.00000000    0.00132849  0.00000000   -0.00198957  0.00000000
 -0.00036132  0.00000000   -0.00146132  0.00000000    0.00262514  0.00000000
    2   49
 -0.00688024  0.00000000    0.00422748  0.00000000    0.00454596  0.00000000
  0.00387532  0.00000000   -0.00197494  0.00000000   -0.00231701  0.00000000
  0.00418366  0.00000000   -0.00203076  0.00000000   -0.00157642  0.00000000
    2   50
 -0.17088119  0.00000000    0.02815754  0.00000000    0.02692784  0.00000000
  0.03143093  0.00000000   -0.17373888  0.00000000   -0.03210615  0.00000000
  0.02705391  0.00000000   -0.03227486  0.00000000   -0.17143440  0.00000000
    2   51
  0.00346701  0.00000000   -0.00054255  0.00000000    0.00196021  0.00000000
 -0.00073271  0.00000000    0.00308361  0.00000000   -0.00199709  0.00000000
  0.00193041  0.00000000   -0.00178412  0.00000000    0.00144659  0.00000000
    2   52
 -0.00009908  0.00000000    0.00065831  0.00000000    0.00402000  0.00000000
  0.00118289  0.00000000   -0.00174053  0.00000000   -0.00450364  0.00000000
  0.00198262  0.00000000   -0.00146568  0.00000000   -0.00727626  0.00000000
    2   53
  0.00088754  0.00000000    0.00076541  0.00000000    0.00075014  0.00000000
  0.00076178  0.00000000    0.00071442  0.00000000   -0.00052763  0.00000000
  0.00268795  0.00000000   -0.00030878  0.00000000    0.00063682  0.00000000
    2   54
  0.00235192  0.00000000    0.00174801  0.00000000    0.00147738  0.00000000
  0.00254526  0.00000000    0.00170224  0.00000000    0.00149072  0.00000000
  0.00110129  0.00000000   -0.00045993  0.00000000    0.00318195  0.00000000
    2   55
 -0.00261640  0.00000000    0.00316143  0.00000000    0.00134180  0.00000000
  0.00343133  0.00000000   -0.00629242  0.00000000   -0.00349253  0.00000000
 -0.00018684  0.00000000   -0.00517151  0.00000000   -0.00127738  0.00000000
    2   56
  0.00064327  0.00000000   -0.00064492  0.00000000    0.00046602  0.00000000
 -0.00064492  0.00000000    0.00064327  0.00000000    0.00046602  0.00000000
  0.00072989  0.00000000    0.00072989  0.00000000    0.00056472  0.00000000
    2   57
 -0.00011042  0.00000000   -0.00010885  0.00000000    0.00472029  0.00000000
 -0.00010885  0.00000000   -0.00011042  0.00000000    0.00472029  0.00000000
  0.00218382  0.00000000    0.00218382  0.00000000   -0.00475401  0.00000000
    2   58
 -0.00178322  0.00000000   -0.00471983  0.00000000    0.00185450  0.00000000
 -0.00445048  0.00000000   -0.00654226  0.00000000    0.00445967  0.00000000
  0.00208721  0.00000000    0.00432591  0.00000000   -0.00170235  0.00000000
    2   59
  0.00119318  0.00000000   -0.00186422  0.00000000    0.00246354  0.00000000
 -0.00162881  0.00000000    0.00307398  0.00000000    0.00016258  0.00000000
  0.00227124  0.00000000   -0.00083191  0.00000000    0.00454235  0.00000000
    2   60
 -0.00654226  0.00000000   -0.00445048  0.00000000    0.00445967  0.00000000
 -0.00471983  0.00000000   -0.00178322  0.00000000    0.00185450  0.00000000
  0.00432591  0.00000000    0.00208721  0.00000000   -0.00170235  0.00000000
    2   61
  0.00307398  0.00000000   -0.00162881  0.00000000    0.00016258  0.00000000
 -0.00186422  0.00000000    0.00119318  0.00000000    0.00246354  0.00000000
 -0.00083191  0.00000000    0.00227124  0.00000000    0.00454235  0.00000000
    2   62
  0.00319312  0.00000000    0.00009545  0.00000000    0.00184491  0.00000000
  0.00009545  0.00000000    0.00319312  0.00000000    0.00184491  0.00000000
  0.00148627  0.00000000    0.00148627  0.00000000    0.00160159  0.00000000
    2   63
 -0.15855991  0.00000000   -0.02059059  0.00000000    0.04850870  0.00000000
 -0.02059059  0.00000000   -0.15855991  0.00000000    0.04850870  0.00000000
  0.02887004  0.00000000    0.02887004  0.00000000   -0.16511365  0.00000000
    3    1
 -0.00163392  0.00000000    0.00013557  0.00000000   -0.00032920  0.00000000
 -0.00025494  0.00000000   -0.00314243  0.00000000   -0.00025494  0.00000000
 -0.00032920  0.00000000    0.00013557  0.00000000   -0.00163392  0.00000000
    3    2
  0.01271243  0.00000000    0.00053551  0.00000000    0.00056215  0.00000000
  0.00056215  0.00000000   -0.00210119  0.00000000    0.00171435  0.00000000
  0.00053551  0.00000000   -0.00019062  0.00000000   -0.00210119  0.00000000
    3    3
  0.84661298  0.00000000    0.01269636  0.00000000    0.01840200  0.00000000
  0.01269636  0.00000000    0.84814498  0.00000000    0.01269636  0.00000000
  0.01840200  0.00000000    0.01269636  0.00000000    0.84661298  0.00000000
    3    4
 -0.00136794  0.00000000    0.00011166  0.00000000   -0.00020354  0.00000000
 -0.00037466  0.00000000   -0.00180260  0.00000000    0.00001525  0.00000000
 -0.00033356  0.00000000    0.00033179  0.00000000   -0.00405396  0.00000000
    3    5
 -0.00210119  0.00000000   -0.00019062  0.00000000    0.00053551  0.00000000
  0.00171435  0.00000000   -0.00210119  0.00000000    0.00056215  0.00000000
  0.00056215  0.00000000    0.00053551  0.00000000    0.01271243  0.00000000
    3    6
 -0.00135383  0.00000000   -0.00027174  0.00000000    0.00008377  0.00000000
 -0.00070217  0.00000000   -0.00120227  0.00000000   -0.00070217  0.00000000
  0.00008377  0.00000000   -0.00027174  0.00000000   -0.00135383  0.00000000
    3    7
 -0.00405396  0.00000000    0.00033179  0.00000000   -0.00033356  0.00000000
  0.00001525  0.00000000   -0.00180260  0.00000000   -0.00037466  0.00000000
 -0.00020354  0.00000000    0.00011166  0.00000000   -0.00136794  0.00000000
    3    8
 -0.00402226  0.00000000   -0.00028320  0.00000000   -0.00057940  0.00000000
  0.00387850  0.00000000    0.00202418  0.00000000    0.00387850  0.00000000
 -0.00057940  0.00000000   -0.00028320  0.00000000   -0.00402226  0.00000000
    3    9
  0.02840160  0.00000000    0.01378738  0.00000000   -0.01366433  0.00000000
 -0.01391393  0.00000000   -0.03128020  0.00000000    0.03191619  0.00000000
  0.01463958  0.00000000    0.03302056  0.00000000   -0.03131070  0.00000000
    3   10
  0.02984702  0.00000000   -0.01502287  0.00000000   -0.01408822  0.00000000
  0.01393167  0.00000000   -0.03019039  0.00000000   -0.02850235  0.00000000
  0.01416050  0.00000000   -0.03080675  0.00000000   -0.03046977  0.00000000
    3   11
  0.02890810  0.00000000    0.01394404  0.00000000    0.01441384  0.00000000
 -0.01426948  0.00000000   -0.03186657  0.00000000   -0.03262603  0.00000000
 -0.01445987  0.00000000   -0.03283059  0.00000000   -0.03219359  0.00000000
    3   12
  0.02495164  0.00000000   -0.01276084  0.00000000    0.01499375  0.00000000
  0.01493500  0.00000000   -0.03044587  0.00000000    0.03285383  0.00000000
 -0.01544386  0.00000000    0.03317810  0.00000000   -0.03146922  0.00000000
    3   13
  0.00112513  0.00000000    0.00110535  0.00000000   -0.00079958  0.00000000
 -0.00047598  0.00000000   -0.00171714  0.00000000   -0.00126317  0.00000000
  0.00129405  0.00000000   -0.00138859  0.00000000   -0.00162800  0.00000000
    3   14
  0.00131851  0.00000000   -0.00096449  0.00000000   -0.00099951  0.00000000
  0.00035906  0.00000000   -0.00201734  0.00000000    0.00082143  0.00000000
  0.00147964  0.00000000    0.00163893  0.00000000   -0.00152008  0.00000000
    3   15
  0.00097486  0.00000000    0.00098762  0.00000000    0.00073993  0.00000000
 -0.00075761  0.00000000   -0.00051996  0.00000000    0.00153904  0.00000000
 -0.00085987  0.00000000    0.00160293  0.00000000   -0.00165625  0.00000000
    3   16
  0.00168747  0.00000000   -0.00039688  0.00000000   -0.00025340  0.00000000
  0.00247794  0.00000000   -0.00012166  0.00000000   -0.00539004  0.00000000
  0.00088118  0.00000000   -0.00227377  0.00000000   -0.00265836  0.00000000
    3   17
 -0.03131070  0.00000000    0.03302056  0.00000000    0.01463958  0.00000000
  0.03191619  0.00000000   -0.03128020  0.00000000   -0.01391393  0.00000000
 -0.01366433  0.00000000    0.01378738  0.00000000    0.02840160  0.00000000
    3   18
 -0.00162800  0.00000000   -0.00138859  0.00000000    0.00129405  0.00000000
 -0.00126317  0.00000000   -0.00171714  0.00000000   -0.00047598  0.00000000
 -0.00079958  0.00000000    0.00110535  0.00000000    0.00112513  0.00000000
    3   19
 -0.03219359  0.00000000   -0.03283059  0.00000000   -0.01445987  0.00000000
 -0.03262603  0.00000000   -0.03186657  0.00000000   -0.01426948  0.00000000
  0.01441384  0.00000000    0.01394404  0.00000000    0.02890810  0.00000000
    3   20
 -0.00165625  0.00000000    0.00160293  0.00000000   -0.00085987  0.00000000
  0.00153904  0.00000000   -0.00051996  0.00000000   -0.00075761  0.00000000
  0.00073993  0.00000000    0.00098762  0.00000000    0.00097486  0.00000000
    3   21
